S = [1.0 0.9490250697942106 0.9542276269627793; 0.9490250697942106 1.0 0.9099752019100873; 0.9542276269627793 0.9099752019100873 1.0]
parBCA = 0.046560233269749646
parBAC = 0.6507255702416489
