S = [1.0 0.9475486572979153 0.9388497618813121; 0.9475486572979153 1.0 0.8776521657756857; 0.9388497618813121 0.8776521657756857 1.0]
parBCA = -0.10861942018272931
parBAC = 0.7487193593407452
