S = [1.0 0.9523055827898502 0.9581602678226672; 0.9523055827898502 1.0 0.911703677948286; 0.9581602678226672 0.911703677948286 1.0]
parBCA = -0.00867496612536373
parBAC = 0.6696313027250715
