S = [1.0 0.9505887872110037 0.947472437289929; 0.9505887872110037 1.0 0.9013824720957767; 0.947472437289929 0.9013824720957767 1.0]
parBCA = 0.007309543840831769
parBAC = 0.6971528619869553
