S = [1.0 0.9431693350358777 0.9431796693080648; 0.9431693350358777 1.0 0.8825106099225342; 0.9431796693080648 0.8825106099225342 1.0]
parBCA = -0.06400482410270111
parBAC = 0.709048884698
