S = [1.0 0.9423505904521421 0.952405574149097; 0.9423505904521421 1.0 0.8959357381518835; 0.952405574149097 0.8959357381518835 1.0]
parBCA = -0.01533460849365122
parBAC = 0.6577175889894208
