S = [1.0 0.9261997758473709 0.960355214880211; 0.9261997758473709 1.0 0.894275258881195; 0.960355214880211 0.894275258881195 1.0]
parBCA = 0.04561430419153255
parBAC = 0.5400661804895813
